from __future__ import annotations

"""
RWMOP benchmark family (RWMOP1-RWMOP50).

Reference
---------
A. Kumar, G. Wu, M. Ali, Q. Luo, R. Mallipeddi, P. Suganthan, and S. Das.
A benchmark-suite of real-world constrained multi-objective optimization problems and some baseline results.
Swarm and Evolutionary Computation, 2021, 67: 100961.
"""

import numpy as np

from pymoo.core.problem import Problem


def _as_2d(x):
    arr = np.asarray(x, dtype=float)
    if arr.ndim == 1:
        arr = arr[None, :]
    return arr


_CONFIG = {
    1: dict(m=2, d=4, xl=np.array([0.51, 0.51, 10.0, 10.0]), xu=np.array([99.49, 99.49, 200.0, 200.0]), ng=2),
    2: dict(m=2, d=5, xl=np.array([0.05, 0.2, 0.2, 0.35, 3.0]), xu=np.array([0.5, 0.5, 0.6, 0.5, 6.0]), ng=5),
    3: dict(m=2, d=3, xl=np.array([1e-5, 1e-5, 1.0]), xu=np.array([100.0, 100.0, 3.0]), ng=3),
    4: dict(m=2, d=4, xl=np.array([0.125, 0.1, 0.1, 0.125]), xu=np.array([5.0, 10.0, 10.0, 5.0]), ng=4),
    5: dict(m=2, d=4, xl=np.array([55.0, 75.0, 1000.0, 11.0]), xu=np.array([80.0, 110.0, 3000.0, 20.0]), ng=4),
    6: dict(m=2, d=7, xl=np.array([2.6, 0.7, 16.51, 7.3, 7.3, 2.9, 5.0]), xu=np.array([3.6, 0.8, 28.49, 8.3, 8.3, 3.9, 5.5]), ng=11),
    7: dict(m=2, d=4, xl=np.array([11.51, 11.51, 11.51, 11.51]), xu=np.array([60.49, 60.49, 60.49, 60.49]), ng=1),
    8: dict(m=3, d=7, xl=np.array([0.5, 0.45, 0.5, 0.5, 0.875, 0.4, 0.4]), xu=np.array([1.5, 1.35, 1.5, 1.5, 2.625, 1.2, 1.2]), ng=9),
    9: dict(m=2, d=4, xl=np.array([1.0, np.sqrt(2), np.sqrt(2), 1.0]), xu=np.array([3.0, 3.0, 3.0, 3.0]), ng=0),
    10: dict(m=2, d=2, xl=np.array([0.1, 0.5]), xu=np.array([2.0, 2.5]), ng=2),
    11: dict(m=5, d=3, xl=np.array([0.01, 0.01, 0.01]), xu=np.array([0.45, 0.1, 0.1]), ng=7),
    12: dict(m=2, d=4, xl=np.array([10.0, 10.0, 0.9, 0.9]), xu=np.array([80.0, 50.0, 5.0, 5.0]), ng=1),
    13: dict(m=3, d=7, xl=np.array([2.6, 0.7, 16.51, 7.3, 7.3, 2.9, 5.0]), xu=np.array([3.6, 0.8, 28.49, 8.3, 8.3, 3.9, 5.5]), ng=11),
    14: dict(m=2, d=5, xl=np.array([60.0, 90.0, 1.0, 0.0, 2.0]), xu=np.array([80.0, 110.0, 3.0, 1000.0, 9.0]), ng=8),
    15: dict(m=2, d=3, xl=np.array([0.51, 0.6, 0.51]), xu=np.array([70.49, 3.0, 42.49]), ng=8),
    16: dict(m=2, d=2, xl=np.array([0.01, 0.20]), xu=np.array([0.05, 1.0]), ng=2),
    17: dict(m=3, d=6, xl=np.array([150.0, 20.0, 13.0, 10.0, 14.0, 0.63]), xu=np.array([274.32, 32.31, 25.0, 11.71, 18.0, 0.75]), ng=9),
    18: dict(m=2, d=3, xl=np.array([136.0, 56.0, 1.4]), xu=np.array([146.0, 68.0, 2.2]), ng=3),
    19: dict(m=3, d=10, xl=np.array([0.51, 0.51, 0.51, 250.0, 250.0, 250.0, 6.0, 4.0, 40.0, 10.0]), xu=np.array([3.49, 3.49, 3.49, 2500.0, 2500.0, 2500.0, 20.0, 16.0, 700.0, 450.0]), ng=10),
    20: dict(m=2, d=4, xl=np.array([1.0, 1.0, 1e-6, 1.0]), xu=np.array([16.0, 16.0, 16e-6, 16.0]), ng=7),
    21: dict(m=2, d=6, xl=np.array([1.3, 2.5, 1.3, 1.3, 1.3, 1.3]), xu=np.array([1.7, 3.5, 1.7, 1.7, 1.7, 1.7]), ng=4),
    22: dict(m=2, d=9, xl=np.zeros(9), xu=np.array([100.0, 200.0, 100.0, 100.0, 100.0, 100.0, 200.0, 100.0, 200.0]), ng=6),
    23: dict(m=2, d=6, xl=np.array([0.0, 0.0, 0.0, 0.0, 1e-5, 1e-5]), xu=np.array([1.0, 1.0, 1.0, 1.0, 16.0, 16.0]), ng=5),
    24: dict(m=3, d=9, xl=np.array([0.0, 0.0, 0.0, 0.0, 1000.0, 0.0, 100.0, 100.0, 100.0]), xu=np.array([10.0, 200.0, 100.0, 200.0, 2_000_000.0, 600.0, 600.0, 600.0, 900.0]), ng=6),
    25: dict(m=2, d=2, xl=np.array([0.0, -0.49]), xu=np.array([1.6, 1.49]), ng=2),
    26: dict(m=2, d=3, xl=np.array([0.5, 0.5, -0.49]), xu=np.array([1.4, 1.4, 1.49]), ng=2),
    27: dict(m=2, d=3, xl=np.array([0.2, -2.22554, -0.49]), xu=np.array([1.0, -1.0, 1.49]), ng=3),
    28: dict(m=2, d=7, xl=np.array([0.0, 0.0, 0.0, 0.0, -0.49, -0.49, 0.0]), xu=np.array([20.0, 20.0, 10.0, 10.0, 1.49, 1.49, 40.0]), ng=8),
    29: dict(m=2, d=7, xl=np.array([0.0, 0.0, 0.0, -0.49, -0.49, -0.49, -0.49]), xu=np.array([100.0, 100.0, 100.0, 1.49, 1.49, 1.49, 1.49]), ng=9),
    30: dict(m=2, d=25, xl=np.zeros(25), xu=90.0 * np.ones(25), ng=24),
    31: dict(m=2, d=25, xl=np.zeros(25), xu=90.0 * np.ones(25), ng=24),
    32: dict(m=2, d=25, xl=np.zeros(25), xu=90.0 * np.ones(25), ng=24),
    33: dict(m=2, d=30, xl=np.zeros(30), xu=90.0 * np.ones(30), ng=29),
    34: dict(m=2, d=30, xl=np.zeros(30), xu=90.0 * np.ones(30), ng=29),
    35: dict(m=2, d=30, xl=np.zeros(30), xu=90.0 * np.ones(30), ng=29),
}

# Added native implementations for RWMOP36-RWMOP50.
_CONFIG.update({
    36: dict(m=2, d=28, xl=np.array([-1.0] * 24 + [0.0] * 4, dtype=float), xu=np.ones(28, dtype=float), ng=24),
    37: dict(m=2, d=28, xl=np.array([-1.0] * 24 + [0.0] * 4, dtype=float), xu=np.ones(28, dtype=float), ng=24),
    38: dict(m=2, d=28, xl=np.array([-1.0] * 24 + [0.0] * 4, dtype=float), xu=np.ones(28, dtype=float), ng=24),
    39: dict(m=3, d=28, xl=np.array([-1.0] * 24 + [0.0] * 4, dtype=float), xu=np.ones(28, dtype=float), ng=24),
    40: dict(m=2, d=34, xl=np.array([-1.0] * 26 + [0.0] * 8, dtype=float), xu=np.ones(34, dtype=float), ng=26),
    41: dict(m=3, d=34, xl=np.array([-1.0] * 26 + [0.0] * 8, dtype=float), xu=np.ones(34, dtype=float), ng=26),
    42: dict(m=2, d=34, xl=np.array([-1.0] * 26 + [0.0] * 8, dtype=float), xu=np.ones(34, dtype=float), ng=26),
    43: dict(m=2, d=34, xl=np.array([-1.0] * 26 + [0.0] * 8, dtype=float), xu=np.ones(34, dtype=float), ng=26),
    44: dict(m=3, d=34, xl=np.array([-1.0] * 26 + [0.0] * 8, dtype=float), xu=np.ones(34, dtype=float), ng=26),
    45: dict(m=3, d=34, xl=np.array([-1.0] * 26 + [0.0] * 8, dtype=float), xu=np.ones(34, dtype=float), ng=26),
    46: dict(m=4, d=34, xl=np.array([-1.0] * 26 + [0.0] * 8, dtype=float), xu=np.ones(34, dtype=float), ng=26),
    47: dict(m=2, d=18, xl=np.array([-1.0] * 10 + [0.0] * 2 + [0.0] * 6, dtype=float), xu=np.array([1.0] * 10 + [2.0] * 2 + [500.0] * 6, dtype=float), ng=12),
    48: dict(m=2, d=18, xl=np.array([-1.0] * 10 + [0.0] * 2 + [0.0] * 6, dtype=float), xu=np.array([1.0] * 10 + [2.0] * 2 + [500.0] * 6, dtype=float), ng=12),
    49: dict(m=3, d=18, xl=np.array([-1.0] * 10 + [0.0] * 2 + [0.0] * 6, dtype=float), xu=np.array([1.0] * 10 + [2.0] * 2 + [500.0] * 6, dtype=float), ng=12),
    50: dict(m=2, d=6, xl=np.array([10.0, 10.0, 35.0, 35.0, 125.0, 130.0], dtype=float), xu=np.array([125.0, 150.0, 210.0, 225.0, 315.0, 325.0], dtype=float), ng=1),
})

# === RWMOP36-RWMOP50 native data and helpers ===
_RWMOP36_G = np.array([[203.36507971433414,
  -53.95647591425539,
  -27.08897808786837,
  -203.36507971375815,
  53.95647591425539,
  27.08897808786837,
  0.0,
  0.0,
  0.0,
  0.0,
  0.0,
  0.0,
  0.0,
  0.0,
  0.0],
 [-53.95647591425539,
  233.98757254504045,
  -86.28305494363521,
  53.95647591425539,
  -233.98757253928045,
  86.28305494363521,
  0.0,
  0.0,
  0.0,
  0.0,
  0.0,
  0.0,
  0.0,
  0.0,
  0.0],
 [-27.088978087868366,
  -86.28305494363521,
  222.0134797916725,
  27.088978087868366,
  86.28305494363521,
  -222.0134797910965,
  0.0,
  0.0,
  0.0,
  0.0,
  0.0,
  0.0,
  0.0,
  0.0,
  0.0],
 [-203.36507971375815,
  53.95647591425539,
  27.08897808786837,
  965.2349457259086,
  -217.01526742738102,
  -119.58512736147634,
  -406.7301594275163,
  107.91295182851078,
  54.17795617573674,
  0.0,
  0.0,
  0.0,
  -355.1397065846342,
  55.145839684614856,
  38.31819309787124],
 [53.95647591425539,
  -233.98757253928045,
  86.28305494363521,
  -217.01526742738102,
  1065.0133220777063,
  -335.74578008216434,
  107.91295182851078,
  -467.9751450785609,
  172.56610988727041,
  0.0,
  0.0,
  0.0,
  55.145839684614856,
  -363.05060445986504,
  76.8966152512587],
 [27.088978087868366,
  86.28305494363521,
  -222.0134797910965,
  -119.58512736147634,
  -335.7457800821643,
  1027.2843110747488,
  54.17795617573673,
  172.56610988727041,
  -444.026959582193,
  0.0,
  0.0,
  0.0,
  38.31819309787124,
  76.89661525125868,
  -361.2438717014593],
 [0.0,
  0.0,
  0.0,
  -406.7301594275163,
  107.91295182851078,
  54.17795617573674,
  813.4603188550326,
  -215.82590365702157,
  -108.35591235147348,
  -406.7301594275163,
  107.91295182851078,
  54.17795617573674,
  0.0,
  0.0,
  0.0],
 [0.0,
  0.0,
  0.0,
  107.91295182851078,
  -467.9751450785609,
  172.56610988727041,
  -215.82590365702157,
  935.9502901571218,
  -345.13221977454083,
  107.91295182851078,
  -467.9751450785609,
  172.56610988727041,
  0.0,
  0.0,
  0.0],
 [0.0,
  0.0,
  0.0,
  54.17795617573673,
  172.56610988727041,
  -444.026959582193,
  -108.35591235147346,
  -345.13221977454083,
  888.053919164386,
  54.17795617573673,
  172.56610988727041,
  -444.026959582193,
  0.0,
  0.0,
  0.0],
 [0.0,
  0.0,
  0.0,
  0.0,
  0.0,
  0.0,
  -406.7301594275163,
  107.91295182851078,
  54.17795617573674,
  406.7301594275163,
  -107.91295182851078,
  -54.17795617573674,
  0.0,
  0.0,
  0.0],
 [0.0,
  0.0,
  0.0,
  0.0,
  0.0,
  0.0,
  107.91295182851078,
  -467.9751450785609,
  172.56610988727041,
  -107.91295182851078,
  467.9751450785609,
  -172.56610988727041,
  0.0,
  0.0,
  0.0],
 [0.0,
  0.0,
  0.0,
  0.0,
  0.0,
  0.0,
  54.17795617573673,
  172.56610988727041,
  -444.026959582193,
  -54.17795617573673,
  -172.56610988727041,
  444.026959582193,
  0.0,
  0.0,
  0.0],
 [0.0,
  0.0,
  0.0,
  -355.1397065846342,
  55.145839684614856,
  38.31819309787124,
  0.0,
  0.0,
  0.0,
  0.0,
  0.0,
  0.0,
  355.1397065846342,
  -55.145839684614856,
  -38.31819309787124],
 [0.0,
  0.0,
  0.0,
  55.145839684614856,
  -363.05060445986504,
  76.8966152512587,
  0.0,
  0.0,
  0.0,
  0.0,
  0.0,
  0.0,
  -55.145839684614856,
  363.05060445986504,
  -76.8966152512587],
 [0.0,
  0.0,
  0.0,
  38.31819309787124,
  76.89661525125868,
  -361.2438717014593,
  0.0,
  0.0,
  0.0,
  0.0,
  0.0,
  0.0,
  -38.31819309787124,
  -76.89661525125868,
  361.2438717014593]], dtype=float)
_RWMOP36_B = np.array([[-351.1300492855535,
  43.573978441589354,
  31.816722979531573,
  351.1300492855535,
  -43.573978441589354,
  -31.816722979531573,
  0.0,
  0.0,
  0.0,
  0.0,
  0.0,
  0.0,
  0.0,
  0.0,
  0.0],
 [43.573978441589354,
  -353.7781465860741,
  58.91752988985574,
  -43.573978441589354,
  353.7781465860741,
  -58.91752988985574,
  0.0,
  0.0,
  0.0,
  0.0,
  0.0,
  0.0,
  0.0,
  0.0,
  0.0],
 [31.816722979531573,
  58.91752988985574,
  -352.72127849601,
  -31.816722979531573,
  -58.91752988985574,
  352.72127849601,
  0.0,
  0.0,
  0.0,
  0.0,
  0.0,
  0.0,
  0.0,
  0.0,
  0.0],
 [351.1300492855535,
  -43.573978441589354,
  -31.816722979531573,
  -1355.6671476971078,
  131.85933449564033,
  100.92116565621727,
  702.260098571107,
  -87.14795688317871,
  -63.633445959063145,
  0.0,
  0.0,
  0.0,
  302.27699984044705,
  -1.1373991708722637,
  -5.470996717622555],
 [-43.573978441589354,
  353.7781465860741,
  -58.91752988985574,
  131.85933449564033,
  -1353.1674012165354,
  172.9681035396303,
  -87.14795688317871,
  707.5562931721482,
  -117.83505977971149,
  0.0,
  0.0,
  0.0,
  -1.137399170872274,
  291.83296145831315,
  3.7844861299369055],
 [-31.816722979531573,
  -58.91752988985574,
  352.72127849601,
  100.92116565621727,
  172.9681035396303,
  -1353.8611528970828,
  -63.633445959063145,
  -117.83505977971149,
  705.44255699202,
  0.0,
  0.0,
  0.0,
  -5.470996717622558,
  3.7844861299369024,
  295.69731740905274],
 [0.0,
  0.0,
  0.0,
  702.260098571107,
  -87.14795688317871,
  -63.633445959063145,
  -1404.520197142214,
  174.29591376635742,
  127.26689191812629,
  702.260098571107,
  -87.14795688317871,
  -63.633445959063145,
  0.0,
  0.0,
  0.0],
 [0.0,
  0.0,
  0.0,
  -87.14795688317871,
  707.5562931721482,
  -117.83505977971149,
  174.29591376635742,
  -1415.1125863442965,
  235.67011955942297,
  -87.14795688317871,
  707.5562931721482,
  -117.83505977971149,
  0.0,
  0.0,
  0.0],
 [0.0,
  0.0,
  0.0,
  -63.633445959063145,
  -117.83505977971149,
  705.44255699202,
  127.26689191812629,
  235.67011955942297,
  -1410.88511398404,
  -63.633445959063145,
  -117.83505977971149,
  705.44255699202,
  0.0,
  0.0,
  0.0],
 [0.0,
  0.0,
  0.0,
  0.0,
  0.0,
  0.0,
  702.260098571107,
  -87.14795688317871,
  -63.633445959063145,
  -702.260098571107,
  87.14795688317871,
  63.633445959063145,
  0.0,
  0.0,
  0.0],
 [0.0,
  0.0,
  0.0,
  0.0,
  0.0,
  0.0,
  -87.14795688317871,
  707.5562931721482,
  -117.83505977971149,
  87.14795688317871,
  -707.5562931721482,
  117.83505977971149,
  0.0,
  0.0,
  0.0],
 [0.0,
  0.0,
  0.0,
  0.0,
  0.0,
  0.0,
  -63.633445959063145,
  -117.83505977971149,
  705.44255699202,
  63.633445959063145,
  117.83505977971149,
  -705.44255699202,
  0.0,
  0.0,
  0.0],
 [0.0,
  0.0,
  0.0,
  302.27699984044705,
  -1.1373991708722637,
  -5.470996717622555,
  0.0,
  0.0,
  0.0,
  0.0,
  0.0,
  0.0,
  -302.27699984044705,
  1.1373991708722637,
  5.470996717622555],
 [0.0,
  0.0,
  0.0,
  -1.137399170872274,
  291.83296145831315,
  3.7844861299369055,
  0.0,
  0.0,
  0.0,
  0.0,
  0.0,
  0.0,
  1.137399170872274,
  -291.83296145831315,
  -3.7844861299369055],
 [0.0,
  0.0,
  0.0,
  -5.470996717622558,
  3.7844861299369024,
  295.69731740905274,
  0.0,
  0.0,
  0.0,
  0.0,
  0.0,
  0.0,
  5.470996717622558,
  -3.7844861299369024,
  -295.69731740905274]], dtype=float)
_RWMOP36_P = np.array([-0.0, -0.0, -0.0, -0.0, -0.0, -0.0, -0.36, -0.288, -0.42, -0.576, -0.048, -0.48, -0.432, -0.288, -0.36], dtype=float)
_RWMOP36_Q = np.array([-0.0, -0.0, -0.0, -0.0, -0.0, -0.0, -0.216, -0.192, -0.264, -0.432, -0.0336, -0.3, -0.288, -0.192, -0.24], dtype=float)
_RWMOP40_G = np.array([[6.025029055768224, -4.999131600798035, 0.0, 0.0, -1.025897454970189, 0.0, 0.0, 0.0, 0.0, 0.0, 0.0, 0.0, 0.0, 0.0],
 [-4.999131600798035, 9.521323610814779, -1.1350191923073958, -1.686033150614943, -1.7011396670944048, 0.0, 0.0, 0.0, 0.0, 0.0, 0.0, 0.0, 0.0, 0.0],
 [0.0, -1.1350191923073958, 3.1209949022329564, -1.9859757099255606, 0.0, 0.0, 0.0, 0.0, 0.0, 0.0, 0.0, 0.0, 0.0, 0.0],
 [0.0, -1.686033150614943, -1.9859757099255606, 10.512989522036175, -6.840980661495671, 0.0, 0.0, 0.0, 0.0, 0.0, 0.0, 0.0, 0.0, 0.0],
 [-1.025897454970189, -1.7011396670944048, 0.0, -6.840980661495671, 9.568017783560265, 0.0, 0.0, 0.0, 0.0, 0.0, 0.0, 0.0, 0.0, 0.0],
 [0.0, 0.0, 0.0, 0.0, 0.0, 6.5799234074662225, 0.0, 0.0, 0.0, 0.0, -1.9550285631772606, -1.525967440450974, -3.0989274038379877, 0.0],
 [0.0, 0.0, 0.0, 0.0, 0.0, 0.0, 0.0, 0.0, 0.0, 0.0, 0.0, 0.0, 0.0, 0.0],
 [0.0, 0.0, 0.0, 0.0, 0.0, 0.0, 0.0, 0.0, 0.0, 0.0, 0.0, 0.0, 0.0, 0.0],
 [0.0, 0.0, 0.0, 0.0, 0.0, 0.0, 0.0, 0.0, 5.3260550394673585, -3.9020495524474277, 0.0, 0.0, 0.0, -1.424005487019931],
 [0.0, 0.0, 0.0, 0.0, 0.0, 0.0, 0.0, 0.0, -3.9020495524474277, 5.782934306147827, -1.8808847537003996, 0.0, 0.0, 0.0],
 [0.0, 0.0, 0.0, 0.0, 0.0, -1.9550285631772606, 0.0, 0.0, 0.0, -1.8808847537003996, 3.8359133168776602, 0.0, 0.0, 0.0],
 [0.0, 0.0, 0.0, 0.0, 0.0, -1.525967440450974, 0.0, 0.0, 0.0, 0.0, 0.0, 4.014992027272893, -2.4890245868219187, 0.0],
 [0.0, 0.0, 0.0, 0.0, 0.0, -3.0989274038379877, 0.0, 0.0, 0.0, 0.0, 0.0, -2.4890245868219187, 6.724946148466233, -1.1369941578063267],
 [0.0, 0.0, 0.0, 0.0, 0.0, 0.0, 0.0, 0.0, -1.424005487019931, 0.0, 0.0, 0.0, -1.1369941578063267, 2.560999644826258]], dtype=float)
_RWMOP40_B = np.array([[-19.447070205514382, 15.263086523179553, 0.0, 0.0, 4.234983682334831, 0.0, 0.0, 0.0, 0.0, 0.0, 0.0, 0.0, 0.0, 0.0],
 [15.263086523179553, -30.272115398779064, 4.781863151757718, 5.115838325872083, 5.193927397969713, 0.0, 0.0, 0.0, 0.0, 0.0, 0.0, 0.0, 0.0, 0.0],
 [0.0, 4.781863151757718, -9.82238012935164, 5.0688169775939205, 0.0, 0.0, 0.0, 0.0, 0.0, 0.0, 0.0, 0.0, 0.0, 0.0],
 [0.0,
  5.115838325872083,
  5.0688169775939205,
  -38.654171207607796,
  21.578553981691588,
  0.0,
  4.889512660317341,
  0.0,
  1.8554995578159004,
  0.0,
  0.0,
  0.0,
  0.0,
  0.0],
 [4.234983682334831, 5.193927397969713, 0.0, 21.578553981691588, -35.533639456044824, 4.257445335253384, 0.0, 0.0, 0.0, 0.0, 0.0, 0.0, 0.0, 0.0],
 [0.0, 0.0, 0.0, 0.0, 4.257445335253384, -17.34073280991911, 0.0, 0.0, 0.0, 0.0, 4.0940743442404415, 3.1759639650294003, 6.102755448193116, 0.0],
 [0.0, 0.0, 0.0, 4.889512660317341, 0.0, 0.0, -19.549005948264654, 5.676979846721544, 9.09008271975275, 0.0, 0.0, 0.0, 0.0, 0.0],
 [0.0, 0.0, 0.0, 0.0, 0.0, 0.0, 5.676979846721544, -5.676979846721544, 0.0, 0.0, 0.0, 0.0, 0.0, 0.0],
 [0.0, 0.0, 0.0, 1.8554995578159004, 0.0, 0.0, 9.09008271975275, 0.0, -24.092506375267877, 10.365394127060915, 0.0, 0.0, 0.0, 3.0290504569306034],
 [0.0, 0.0, 0.0, 0.0, 0.0, 0.0, 0.0, 0.0, 10.365394127060915, -14.768337876521436, 4.402943749460521, 0.0, 0.0, 0.0],
 [0.0, 0.0, 0.0, 0.0, 0.0, 4.0940743442404415, 0.0, 0.0, 0.0, 4.402943749460521, -8.497018093700962, 0.0, 0.0, 0.0],
 [0.0, 0.0, 0.0, 0.0, 0.0, 3.1759639650294003, 0.0, 0.0, 0.0, 0.0, 0.0, -5.427938591201612, 2.251974626172212, 0.0],
 [0.0, 0.0, 0.0, 0.0, 0.0, 6.102755448193116, 0.0, 0.0, 0.0, 0.0, 0.0, 2.251974626172212, -10.66969354947068, 2.314963475105352],
 [0.0, 0.0, 0.0, 0.0, 0.0, 0.0, 0.0, 0.0, 3.0290504569306034, 0.0, 0.0, 0.0, 2.314963475105352, -5.344013932035955]], dtype=float)
_RWMOP40_P = np.array([0.0, 0.217, 0.9420000000000001, 0.478, 0.076, 0.11199999999999999, 0.0, 0.0, 0.295, 0.09, 0.035, 0.061, 0.135, 0.149], dtype=float)
_RWMOP40_Q = np.array([0.0, 0.127, 0.19, -0.039, 0.016, 0.075, 0.0, 0.0, 0.166, 0.057999999999999996, 0.018000000000000002, 0.016, 0.057999999999999996, 0.05], dtype=float)
_RWMOP47_P = np.array([[0.16138989835002382, 0.0, 0.0, 0.0, 1.0, 0.0],
 [0.0, 0.0, 0.0, 0.0, 1.0, 0.0],
 [0.21451873678268588, 0.0, 0.0, 0.0, 1.0, 0.0],
 [0.0, 0.0, 0.0, 0.0, 1.0, 0.0],
 [0.0, 0.0, 0.0, 0.0, 1.0, 0.0],
 [0.0, 0.0, 0.0, 0.0, 1.0, 0.0]], dtype=float)
_RWMOP47_Q = np.array([[0.10680528035555388, 0.0, 0.0, 0.0, 1.0, 0.0],
 [0.0, 0.0, 0.0, 0.0, 1.0, 0.0],
 [0.15161777012574437, 0.0, 0.0, 0.0, 1.0, 0.0],
 [0.0, 0.0, 0.0, 0.0, 1.0, 0.0],
 [0.0, 0.0, 0.0, 0.0, 1.0, 0.0],
 [0.0, 0.0, 0.0, 0.0, 1.0, 0.0]], dtype=float)
_RWMOP47_L = np.array([[1.0, 2.0, 0.2666005332010664, 0.07432946865893732, 0.0, 1.0],
 [1.0, 4.0, 0.186000372000744, 0.08180916361832725, 0.0, 1.0],
 [2.0, 5.0, 0.124000248000496, 0.05843511687023374, 0.0, 1.0],
 [2.0, 3.0, 0.093000186000372, 0.43078368156736313, 0.0, 1.0],
 [3.0, 6.0, 0.031000062000124, 0.01168702337404675, 0.0, 1.0]], dtype=float)
_RWMOP50_B = np.array([[0.00014, 1.7e-05, 1.4999999999999999e-05, 1.8999999999999998e-05, 2.6e-05, 2.2e-05],
 [1.7e-05, 5.9999999999999995e-05, 1.3e-05, 1.6e-05, 1.4999999999999999e-05, 1.9999999999999998e-05],
 [1.4999999999999999e-05, 1.3e-05, 6.5e-05, 1.7e-05, 2.4e-05, 1.8999999999999998e-05],
 [1.8999999999999998e-05, 1.6e-05, 1.7e-05, 7.099999999999999e-05, 2.9999999999999997e-05, 2.4999999999999998e-05],
 [2.6e-05, 1.4999999999999999e-05, 2.4e-05, 2.9999999999999997e-05, 6.9e-05, 3.2e-05],
 [2.2e-05, 1.9999999999999998e-05, 1.8999999999999998e-05, 2.4999999999999998e-05, 3.2e-05, 8.499999999999999e-05]], dtype=float)
_RWMOP50_A = np.array([756.7988, 451.3251, 1243.5311, 1049.9977, 1356.6592, 1658.5696], dtype=float)
_RWMOP50_b = np.array([38.539, 46.1591, 38.3055, 40.3965, 38.2704, 36.3278], dtype=float)
_RWMOP50_c = np.array([0.15247, 0.10587, 0.03546, 0.02803, 0.01799, 0.02111], dtype=float)
_RWMOP50_ALPHA = np.array([13.8593, 13.8593, 40.2669, 40.2669, 42.8955, 42.8955], dtype=float)
_RWMOP50_BETA = np.array([0.32767, 0.32767, -0.54551, -0.54551, -0.51116, -0.51116], dtype=float)
_RWMOP50_GAMMA = np.array([0.00419, 0.00419, 0.00683, 0.00683, 0.00461, 0.00461], dtype=float)


def _rwmop_eval_36_39(x: np.ndarray, idx: int):
    n = x.shape[0]
    f = np.zeros((n, 2 if idx in (36, 37, 38) else 3), dtype=float)
    h = np.zeros((n, 24), dtype=float)
    Y = _RWMOP36_G + 1j * _RWMOP36_B
    P = _RWMOP36_P
    Q = _RWMOP36_Q
    phase_a = 1.0
    phase_b = np.exp(1j * 4.0 * np.pi / 3.0)
    phase_c = np.exp(1j * 2.0 * np.pi / 3.0)
    for i, row in enumerate(x):
        V = np.zeros(15, dtype=complex)
        V[0] = phase_a
        V[1] = phase_b
        V[2] = phase_c
        V[3:15] = row[:12] + 1j * row[12:24]
        Pdg = np.zeros(15, dtype=float)
        Qdg = np.zeros(15, dtype=float)
        Pdg[[6, 14]] = row[24:26]
        Qdg[[6, 14]] = row[26:28]
        I = Y @ V
        S = V * np.conj(I)
        Psp = np.real(S)
        Qsp = np.imag(S)
        delP = Psp - Pdg - P
        delQ = Qsp - Qdg - Q
        imbalance = np.abs(I[0] + I[1] + I[2]) + np.abs(I[0] + phase_b * I[1] + phase_c * I[2])
        if idx == 36:
            f[i] = [imbalance, np.sum(Psp)]
        elif idx == 37:
            f[i] = [imbalance, np.sum(Qsp)]
        elif idx == 38:
            f[i] = [np.sum(Qsp), np.sum(Psp)]
        else:
            f[i] = [imbalance, np.sum(Psp), np.sum(Qsp)]
        h[i] = np.concatenate([delP[3:15], delQ[3:15]])
    return f, np.abs(h) - 1e-4


def _rwmop_eval_40_46(x: np.ndarray, idx: int):
    m = _CONFIG[idx]['m']
    f = np.zeros((x.shape[0], m), dtype=float)
    h = np.zeros((x.shape[0], 26), dtype=float)
    Y = _RWMOP40_G + 1j * _RWMOP40_B
    P = _RWMOP40_P
    Q = _RWMOP40_Q
    ng_fuel = np.array([0, 1, 2, 5, 7], dtype=int)
    fuel_a = np.array([0.0, 0.0, 0.0, 0.0, 0.0], dtype=float)
    fuel_b = np.array([2.0, 1.75, 1.0, 3.25, 3.0], dtype=float)
    fuel_c = np.array([0.02, 0.0175, 0.0625, 0.00834, 0.025], dtype=float)
    for i, row in enumerate(x):
        V = np.zeros(14, dtype=complex)
        V[0] = 1.0
        V[1:14] = row[:13] + 1j * row[13:26]
        Pg = np.zeros(14, dtype=float)
        Qg = np.zeros(14, dtype=float)
        Pg[[1, 2, 5, 7]] = row[26:30]
        Qg[[1, 2, 5, 7]] = row[30:34]
        I = Y @ V
        S = V * np.conj(I)
        Psp = np.real(S)
        Qsp = np.imag(S)
        delP = Psp - Pg + P
        delQ = Qsp - Qg + Q
        active_loss = np.real(V[0] * np.conj(I[0])) + np.sum(Psp[1:14])
        reactive_loss_i2 = np.imag(V[0] * np.conj(I[1])) + np.sum(Qsp[1:14])
        reactive_loss_i1 = np.imag(V[0] * np.conj(I[0])) + np.sum(Qsp[1:14])
        vdev = np.sum((1.0 - np.abs(V[1:14])) ** 2)
        fuel = np.sum(fuel_a + fuel_b * Pg[ng_fuel] + fuel_c * (Pg[ng_fuel] ** 2))
        if idx == 40:
            f[i] = [active_loss, reactive_loss_i2]
        elif idx == 41:
            f[i] = [active_loss, reactive_loss_i2, vdev]
        elif idx == 42:
            f[i] = [active_loss, vdev]
        elif idx == 43:
            f[i] = [fuel, active_loss]
        elif idx == 44:
            f[i] = [fuel, active_loss, reactive_loss_i1]
        elif idx == 45:
            f[i] = [fuel, active_loss, vdev]
        elif idx == 46:
            f[i] = [fuel, active_loss, reactive_loss_i1, vdev]
        h[i] = np.concatenate([delP[1:14], delQ[1:14]])
    return f, np.abs(h) - 1e-4


def _rwmop_ybus(linedata: np.ndarray, fscale: float) -> np.ndarray:
    linedata = np.array(linedata, dtype=float, copy=True)
    linedata[:, 3] = linedata[:, 3] * fscale
    fb = linedata[:, 0].astype(int) - 1
    tb = linedata[:, 1].astype(int) - 1
    r = linedata[:, 2]
    x = linedata[:, 3]
    b = linedata[:, 4]
    tap = linedata[:, 5]
    z = r + 1j * x
    y = 1.0 / z
    b = 1j * b
    nb = int(max(np.max(fb), np.max(tb))) + 1
    nl = len(fb)
    Y = np.zeros((nb, nb), dtype=complex)
    for k in range(nl):
        Y[fb[k], tb[k]] = Y[fb[k], tb[k]] - y[k] / tap[k]
        Y[tb[k], fb[k]] = Y[fb[k], tb[k]]
    for m in range(nb):
        for n in range(nl):
            if fb[n] == m:
                Y[m, m] = Y[m, m] + y[n] / (tap[n] ** 2) + b[n]
            elif tb[n] == m:
                Y[m, m] = Y[m, m] + y[n] + b[n]
    return Y


def _rwmop_eval_47_49(x: np.ndarray, idx: int):
    m = _CONFIG[idx]['m']
    f = np.zeros((x.shape[0], m), dtype=float)
    h = np.zeros((x.shape[0], 12), dtype=float)
    P = _RWMOP47_P
    Q = _RWMOP47_Q
    L = _RWMOP47_L
    for i, row in enumerate(x):
        V = np.zeros(6, dtype=complex)
        V[0] = row[11] + 1e-5
        V[1:6] = row[:5] + 1j * row[5:10]
        w = row[10]
        Pc = np.zeros(6, dtype=float)
        Qc = np.zeros(6, dtype=float)
        Pc[[3, 4, 5]] = row[12:15]
        Qc[[3, 4, 5]] = row[15:18]
        Y = _rwmop_ybus(L, w)
        I = Y @ V
        Ir = np.real(I)
        Im = np.imag(I)
        Vr = np.real(V)
        Vm = np.imag(V)
        Vmag = np.sqrt(Vr**2 + Vm**2)
        Psp = Pc * (1.0 - w) - P[:, 0] * (np.abs(V) / P[:, 4]) ** P[:, 5]
        Qsp = Qc * (1.0 - Vmag) - Q[:, 0] * (np.abs(V) / Q[:, 4]) ** Q[:, 5]
        denom = np.where(np.abs(V) < 1e-30, 1e-30 + 0j, V)
        spI = np.conj((Psp + 1j * Qsp) / denom)
        spIr = np.real(spI)
        spIm = np.imag(spI)
        delIr = Ir - spIr
        delIm = Im - spIm
        if idx == 47:
            f[i] = [np.sum(Psp), np.sum(Qsp)]
        elif idx == 48:
            f[i] = [np.sum(Psp), np.sum((1.0 - np.abs(V)) ** 2)]
        else:
            f[i] = [np.sum(Psp), np.sum(Qsp), np.sum((1.0 - np.abs(V)) ** 2)]
        h[i] = np.concatenate([delIr[:6], delIm[:6]])
    return f, np.abs(h) - 1e-4


def _rwmop_eval_50(x: np.ndarray):
    PD = 1200.0
    B = _RWMOP50_B
    a = _RWMOP50_A
    b = _RWMOP50_b
    c = _RWMOP50_c
    alpha = _RWMOP50_ALPHA
    beta = _RWMOP50_BETA
    gamma = _RWMOP50_GAMMA
    PL = np.einsum('ni,ij,nj->n', x, B, x)
    f1 = np.sum(a[None, :] + b[None, :] * x + c[None, :] * x**2, axis=1)
    f2 = np.sum(alpha[None, :] + beta[None, :] * x + gamma[None, :] * x**2, axis=1)
    h = np.sum(x, axis=1) - PD - PL
    return np.column_stack([f1, f2]), np.abs(h)[:, None] - 1e-4
# === end RWMOP36-RWMOP50 native helpers ===

class _BaseRWMOP(Problem):
    _IDX = 1

    def __init__(self, **kwargs):
        cfg = _CONFIG[self._IDX]
        super().__init__(
            n_var=cfg["d"],
            n_obj=cfg["m"],
            n_ieq_constr=cfg["ng"],
            xl=cfg["xl"],
            xu=cfg["xu"],
            vtype=float,
            **kwargs,
        )

    def _evaluate(self, x, out, *args, **kwargs):
        x = np.clip(_as_2d(x), self.xl, self.xu)
        idx = self._IDX

        if idx == 1:
            x1 = np.round(x[:, 0])
            x2 = np.round(x[:, 1])
            x3 = x[:, 2]
            x4 = x[:, 3]
            z1 = 0.0625 * x1
            z2 = 0.0625 * x2
            f1 = 1.7781 * z1 * x3**2 + 0.6224 * z1 * x2 * x4 + 3.1661 * z1**2 * x4 + 19.84 * z1**2 * x3
            f2 = -np.pi * x3**2 * x4 - (4.0 / 3.0) * np.pi * x3**3
            g1 = 0.00954 * x3 - z2
            g2 = 0.0193 * x3 - z1
            out["F"] = np.column_stack([f1, f2])
            out["G"] = np.column_stack([g1, g2])
            return

        if idx == 2:
            d1, d2, d3, b, L = x[:, 0], x[:, 1], x[:, 2], x[:, 3], x[:, 4]
            rho1, rho2, rho3 = 100.0, 2770.0, 7780.0
            E1, E2 = 1.6, 70.0
            c1, c2, c3 = 500.0, 1500.0, 800.0
            mu = 2.0 * b * (rho1 * d1 + rho2 * (d2 - d1) + rho3 * (d3 - d2))
            EI = (2.0 * b / 3.0) * (E1 * d1**3 + E2 * (d2**3 - d1**3) + rho3 * (d3 - d2))
            f1 = (-np.pi) / (2.0 * L) ** 2 * np.sqrt(np.abs(EI / mu))
            f2 = 2.0 * b * L * (c1 * d1 + c2 * (d2 - d1) + c3 * (d3 - d2))
            g = np.column_stack([
                mu * L - 2800.0,
                d1 - d2,
                d2 - d1 - 0.15,
                d2 - d3,
                d3 - d2 - 0.01,
            ])
            out["F"] = np.column_stack([f1, f2])
            out["G"] = g
            return

        if idx == 3:
            x1, x2, x3 = x[:, 0], x[:, 1], x[:, 2]
            f1 = x1 * np.sqrt(16.0 + x3**2) + x2 * np.sqrt(1.0 + x3**2)
            f2 = 20.0 * np.sqrt(16.0 + x3**2) / (x3 * x1)
            g = np.column_stack([
                f1 - 0.1,
                f2 - 1e5,
                80.0 * np.sqrt(1.0 + x3**2) / (x3 * x2) - 1e5,
            ])
            out["F"] = np.column_stack([f1, f2])
            out["G"] = g
            return

        if idx == 4:
            x1, x2, x3, x4 = x[:, 0], x[:, 1], x[:, 2], x[:, 3]
            P, L, E = 6000.0, 14.0, 30e6
            tmax, sigmax, Gm = 13600.0, 30000.0, 12e6
            Pc = (4.013 * E * np.sqrt((x3**2 + x4**6) / 36.0) / (L**2)) * (1.0 - x3 / (2.0 * L) * np.sqrt(E / (4.0 * Gm)))
            sigma = 6.0 * P * L / (x4 * x3**2)
            J = 2.0 * (np.sqrt(2.0) * x1 * x2 * (x2**2 / 12.0 + ((x1 + x3) / 2.0) ** 2))
            R = np.sqrt(x2**2 / 4.0 + ((x1 + x3) / 2.0) ** 2)
            M = P * (L + x2 / 2.0)
            tho1 = P / (np.sqrt(2.0) * x1 * x2)
            tho2 = M * R / J
            tho = np.sqrt(tho1**2 + 2.0 * tho1 * tho2 * x2 / (2.0 * R) + tho2**2)
            f1 = 1.10471 * x1**2 * x2 + 0.04811 * x3 * x4 * (14.0 + x2)
            f2 = 4.0 * P * L**3 / (E * x4 * x3**3)
            g = np.column_stack([tho - tmax, sigma - sigmax, x1 - x4, P - Pc])
            out["F"] = np.column_stack([f1, f2])
            out["G"] = g
            return

        if idx == 5:
            x1, x2, x3, x4 = x[:, 0], x[:, 1], x[:, 2], x[:, 3]
            f1 = 4.9e-5 * (x2**2 - x1**2) * (x4 - 1.0)
            f2 = 9.82e6 * (x2**2 - x1**2) / (x3 * x4 * (x2**3 - x1**3))
            g = np.column_stack([
                20.0 - (x2 - x1),
                x3 / (3.14 * (x2**2 - x1**2)) - 0.4,
                2.22e-3 * x3 * (x2**3 - x1**3) / (x2**2 - x1**2) ** 2 - 1.0,
                900.0 - 2.66e-2 * x3 * x4 * (x2**3 - x1**3) / (x2**2 - x1**2),
            ])
            out["F"] = np.column_stack([f1, f2])
            out["G"] = g
            return

        if idx == 6:
            x1, x2 = x[:, 0], x[:, 1]
            x3 = np.round(x[:, 2])
            x4, x5, x6, x7 = x[:, 3], x[:, 4], x[:, 5], x[:, 6]
            f1 = (
                0.7854 * x1 * x2**2 * (10.0 * x3**2 / 3.0 + 14.933 * x3 - 43.0934)
                - 1.508 * x1 * (x6**2 + x7**2)
                + 7.477 * (x6**3 + x7**3)
                + 0.7854 * (x4 * x6**2 + x5 * x7**2)
            )
            f2 = np.sqrt((745.0 * x4 / (x2 * x3)) ** 2 + 1.69e7) / (0.1 * x6**3)
            g = np.column_stack([
                1.0 / (x1 * x2**2 * x3) - 1.0 / 27.0,
                1.0 / (x1 * x2**2 * x3**2) - 1.0 / 397.5,
                x4**3 / (x2 * x3 * x6**4) - 1.0 / 1.93,
                x5**3 / (x2 * x3 * x7**4) - 1.0 / 1.93,
                x2 * x3 - 40.0,
                x1 / x2 - 12.0,
                -x1 / x2 + 5.0,
                1.9 - x4 + 1.5 * x6,
                1.9 - x5 + 1.1 * x7,
                f2 - 1300.0,
                np.sqrt((745.0 * x5 / (x2 * x3)) ** 2 + 1.575e8) / (0.1 * x7**3) - 850.0,
            ])
            out["F"] = np.column_stack([f1, f2])
            out["G"] = g
            return

        if idx == 7:
            x1, x2, x3, x4 = x[:, 0], x[:, 1], x[:, 2], x[:, 3]
            f1 = np.abs(6.931 - x3 * x4 / (x1 * x2))
            f2 = np.max(x, axis=1)
            g = (f1 / 6.931 - 0.5)[:, None]
            out["F"] = np.column_stack([f1, f2])
            out["G"] = g
            return

        if idx == 8:
            x1, x2, x3, x4, x5, x6, x7 = x[:, 0], x[:, 1], x[:, 2], x[:, 3], x[:, 4], x[:, 5], x[:, 6]
            VMBP = 10.58 - 0.674 * x1 * x2 - 0.67275 * x2
            VFD = 16.45 - 0.489 * x3 * x7 - 0.843 * x5 * x6
            f1 = 1.98 + 4.9 * x1 * 6.67 * x2 + 6.98 * x3 + 4.01 * x4 + 1.78 * x5 + 1e-5 * x6 + 2.73 * x7
            f2 = 4.72 - 0.5 * x4 - 0.19 * x2 * x3
            f3 = 0.5 * (VMBP + VFD)
            g = np.column_stack([
                -1.0 + 1.16 - 0.3717 * x2 * x4 - 0.0092928 * x3,
                -0.32 + 0.261 - 0.0159 * x1 * x2 - 0.06486 * x1 - 0.019 * x2 * x7 + 0.0144 * x2 * x5 + 0.0154464 * x6,
                -0.32 + 0.74 - 0.61 * x2 - 0.031296 * x3 - 0.031872 * x7 + 0.227 * x2**2,
                -0.32 + 0.214 + 0.00817 * x5 - 0.045195 * x1 - 0.0135168 * x1 + 0.03099 * x2 * x6 - 0.018 * x2 * x7 + 0.007176 * x3 + 0.023232 * x3 - 0.00364 * x5 * x6 - 0.018 * x2**2,
                -32.0 + 33.86 + 2.95 * x3 - 5.057 * x1 * x2 - 3.795 * x2 - 3.4431 * x7 + 1.45728,
                -32.0 + 28.98 + 3.818 * x3 - 4.2 * x1 * x2 + 1.27296 * x6 - 2.68065 * x7,
                -32.0 + 46.36 - 9.9 * x2 - 4.4505 * x1,
                f2 - 4.0,
                VMBP - 9.9,
            ])
            out["F"] = np.column_stack([f1, f2, f3])
            out["G"] = g
            return

        if idx == 9:
            Fv, E, L = 10.0, 2e5, 200.0
            x1, x2, x3, x4 = x[:, 0], x[:, 1], x[:, 2], x[:, 3]
            f1 = L * (2.0 * x1 + np.sqrt(2.0) * x2 + np.sqrt(2.0) * x3 + x4)
            f2 = Fv * L / E * (2.0 / x1 + 2.0 * np.sqrt(2.0) / x2 - 2.0 * np.sqrt(2.0) / x3 + 2.0 / x4)
            out["F"] = np.column_stack([f1, f2])
            return

        if idx == 10:
            x1, x2 = x[:, 0], x[:, 1]
            rho, h, P, E, rho0 = 0.283, 100.0, 104.0, 3e7, 2e4
            f1 = 2.0 * rho * h * x2 * np.sqrt(1.0 + x1**2)
            f2 = rho * h * (1.0 + x1**2) ** 1.5 * np.sqrt(1.0 + x1**4) / (2.0 * np.sqrt(2.0) * E * x1**2 * x2)
            g = np.column_stack([
                P * (1.0 + x1) * np.sqrt(1.0 + x1**2) / (2.0 * np.sqrt(2.0) * x1 * x2) - rho0,
                P * (1.0 - x1) * np.sqrt(1.0 + x1**2) / (2.0 * np.sqrt(2.0) * x1 * x2) - rho0,
            ])
            out["F"] = np.column_stack([f1, f2])
            out["G"] = g
            return

        if idx == 11:
            x1, x2, x3 = x[:, 0], x[:, 1], x[:, 2]
            f1 = 106780.37 * (x2 + x3) + 61704.67
            f2 = 3000.0 * x1
            f3 = 305700.0 * 2289.0 * x2 / (0.06 * 2289.0) ** 0.65
            f4 = 250.0 * 2289.0 * np.exp(-39.75 * x2 + 9.9 * x3 + 2.74)
            f5 = 25.0 * (1.39 / (x1 * x2) + 4940.0 * x3 - 80.0)
            g = np.column_stack([
                1.0 - (0.00139 / (x1 * x2) + 4.94 * x3 - 0.08),
                1.0 - (0.000306 / (x1 * x2) + 1.082 * x3 - 0.0986),
                50000.0 - (12.307 / (x1 * x2) + 49408.24 * x3 + 4051.02),
                16000.0 - (2.098 / (x1 * x2) + 8046.33 * x3 - 696.71),
                10000.0 - (2.138 / (x1 * x2) + 7883.39 * x3 - 705.04),
                2000.0 - (0.417 * x1 * x2 + 1721.26 * x3 - 136.54),
                550.0 - (0.164 / (x1 * x2) + 631.13 * x3 - 54.48),
            ])
            out["F"] = np.column_stack([f1, f2, f3, f4, f5])
            out["G"] = -g
            return

        if idx == 12:
            x1, x2, x3, x4 = x[:, 0], x[:, 1], x[:, 2], x[:, 3]
            P, L, E = 600.0, 200.0, 2e4
            f1 = 2.0 * x2 * x4 + x3 * (x1 - 2.0 * x4)
            den = x3 * ((x1 - 2.0 * x4) ** 3) + 2.0 * x2 * x4 * (4.0 * x4 * x4 + 3.0 * x1 * (x1 - 2.0 * x4))
            f2 = P * L**3 / (48.0 * E * den / 12.0)
            g1 = -16.0 + 180000.0 * x1 / den + 15000.0 * x2 / ((x1 - 2.0 * x4) * x3**3 + 2.0 * x4 * x2**3)
            out["F"] = np.column_stack([f1, f2])
            out["G"] = g1[:, None]
            return

        if idx == 13:
            x1, x2 = x[:, 0], x[:, 1]
            x3 = np.round(x[:, 2])
            x4, x5, x6, x7 = x[:, 3], x[:, 4], x[:, 5], x[:, 6]
            f1 = (
                0.7854 * x1 * x2**2 * (10.0 * x3**2 / 3.0 + 14.933 * x3 - 43.0934)
                - 1.508 * x1 * (x6**2 + x7**2)
                + 7.477 * (x6**3 + x7**3)
                + 0.7854 * (x4 * x6**2 + x5 * x7**2)
            )
            f2 = np.sqrt((745.0 * x4 / (x2 * x3)) ** 2 + 1.691e7) / (0.1 * x6**3)
            f3 = np.sqrt((745.0 * x5 / (x2 * x3)) ** 2 + 1.575e8) / (0.1 * x7**3)
            g = np.column_stack([
                1.0 / (x1 * x2**2 * x3) - 1.0 / 27.0,
                1.0 / (x1 * x2**2 * x3**2) - 1.0 / 397.5,
                x4**3 / (x2 * x3 * x6**4) - 1.0 / 1.93,
                x5**3 / (x2 * x3 * x7**4) - 1.0 / 1.93,
                x2 * x3 - 40.0,
                x1 / x2 - 12.0,
                -x1 / x2 + 5.0,
                1.9 - x4 + 1.5 * x6,
                1.9 - x5 + 1.1 * x7,
                f2 - 1100.0,
                f3 - 850.0,
            ])
            out["F"] = np.column_stack([f1, f2, f3])
            out["G"] = g
            return

        if idx == 14:
            x1, x2, x3, x4, x5 = x[:, 0], x[:, 1], x[:, 2], x[:, 3], x[:, 4]
            Mf, Ms, Iz, n = 3.0, 40.0, 55.0, 250.0
            Tmax, s = 15.0, 1.5
            delta, Vsrmax = 0.5, 10.0
            rho, pmax = 0.0000078, 1.0
            mu, Lmax, delR = 0.6, 30.0, 20.0
            Rsr = 2.0 / 3.0 * (x2**3 - x1**3) / (x2**2 * x1**2)
            Vsr = np.pi * Rsr * n / 30.0
            A = np.pi * (x2**2 - x1**2)
            Prz = x4 / A
            w = np.pi * n / 30.0
            Mh = 2.0 / 3.0 * mu * x4 * x5 * (x2**3 - x1**3) / (x2**2 - x1**2)
            T = Iz * w / (Mh + Mf)
            f1 = np.pi * (x2**2 - x1**2) * x3 * (x5 + 1.0) * rho
            f2 = T
            g = np.column_stack([
                -x2 + x1 + delR,
                (x5 + 1.0) * (x3 + delta) - Lmax,
                Prz - pmax,
                Prz * Vsr - pmax * Vsrmax,
                Vsr - Vsrmax,
                T - Tmax,
                s * Ms - Mh,
                -T,
            ])
            out["F"] = np.column_stack([f1, f2])
            out["G"] = g
            return

        if idx == 15:
            x1 = np.round(x[:, 0])
            x2 = x[:, 1]
            ds = np.array([
                0.009, 0.0095, 0.0104, 0.0118, 0.0128, 0.0132, 0.014, 0.015, 0.0162, 0.0173,
                0.018, 0.020, 0.023, 0.025, 0.028, 0.032, 0.035, 0.041, 0.047, 0.054,
                0.063, 0.072, 0.080, 0.092, 0.105, 0.120, 0.135, 0.148, 0.162, 0.177,
                0.192, 0.207, 0.225, 0.244, 0.263, 0.283, 0.307, 0.331, 0.362, 0.394,
                0.4375, 0.500,
            ], dtype=float)
            idx3 = np.clip(np.round(x[:, 2]).astype(int), 1, 42) - 1
            x3 = ds[idx3]
            cf = (4.0 * x2 / x3 - 1.0) / (4.0 * x2 / x3 - 4.0) + 0.615 * x3 / x2
            K = 11.5e6 * x3**4 / (8.0 * x1 * x2**3)
            lf = 1000.0 / K + 1.05 * (x1 + 2.0) * x3
            sigp = 300.0 / K
            f1 = (np.pi**2 * x2 * x3**2 * (x1 + 2.0)) / 4.0
            f2 = 8000.0 * cf * x2 / (np.pi * x3**3)
            g = np.column_stack([
                8000.0 * cf * x2 / (np.pi * x3**3) - 189000.0,
                lf - 14.0,
                0.2 - x3,
                x2 - 3.0,
                3.0 - x2 / x3,
                sigp - 6.0,
                sigp + 700.0 / K + 1.05 * (x1 + 2.0) * x3 - lf,
                1.25 - 700.0 / K,
            ])
            out["F"] = np.column_stack([f1, f2])
            out["G"] = g
            return

        if idx == 16:
            x1, x2 = x[:, 0], x[:, 1]
            P, E, Sy = 1.0, 207000000.0, 300000.0
            delta_max, rho = 0.005, 7800.0
            f1 = 0.25 * rho * np.pi * x2 * x1**2
            f2 = (64.0 * P * x2**3) / (3.0 * E * np.pi * x1**4)
            g = np.column_stack([
                -Sy + (32.0 * P * x2) / (np.pi * x1**3),
                -delta_max + (64.0 * P * x2**3) / (3.0 * E * np.pi * x1**4),
            ])
            out["F"] = np.column_stack([f1, f2])
            out["G"] = g
            return

        if idx == 17:
            L, B, Dv, T, V_k, C_B = x[:, 0], x[:, 1], x[:, 2], x[:, 3], x[:, 4], x[:, 5]
            a = 4977.06 * C_B**2 - 8105.61 * C_B + 4456.51
            b = -10847.2 * C_B**2 + 12817.0 * C_B - 6960.32
            F_n = 0.5144 / np.sqrt(9.8065 * L)
            P = ((1.025 * L * B * T * C_B) ** (2.0 / 3.0) * V_k**3) / (a + b * F_n)
            W_s = 0.034 * L**1.7 * B**0.6 * Dv**0.4 * C_B**0.5
            W_o = L**0.8 * B**0.6 * Dv**0.3 * C_B**0.1
            W_m = 0.17 * P**0.9
            ls = W_s + W_o + W_m
            D_wt = 1.025 * L * B * T * C_B - ls
            F_c = 0.19 * 24.0 * P / 1000.0 + 0.2
            D_cwt = D_wt - F_c * ((5000.0 * V_k) / 24.0 + 5.0) - 2.0 * np.sqrt(np.maximum(D_wt, 0.0))
            R_trp = 350.0 / ((5000.0 * V_k) / 24.0 + 2.0 * (D_cwt / 8000.0 + 0.5))
            ac = D_cwt * R_trp
            S_d = 5000.0 * V_k / 24.0
            C_c = 0.2 * 1.3 * (2000.0 * W_s**0.85 + 3500.0 * W_o + 2400.0 * P**0.8)
            C_r = 40000.0 * D_wt**0.3
            C_v = (1.05 * 100.0 * F_c * S_d + 6.3 * D_wt**0.8) * R_trp
            f1 = (C_c + C_r + C_v) / ac
            f2 = ls
